image: /home/cxs/map_saves/map_2019.pgm
resolution: 0.050000
origin: [-15.00000, -6.250000, 0.000000]
negate: 0
occupied_thresh: 0.65
free_thresh: 0.196

